67
67
67
68
68
67
68
67
68
68
68
68
68
68
71
0
0
0
0
0
0
0
0
1
0
1
2
3
3
4
4
4
4
4
4
7
7
7
7
8
8
8
8
11
9
11
12
11
12
12
12
13
15
15
15
15
15
16
16
16
17
16
19
19
19
20
19
20
19
20
20
20
23
23
23
23
23
23
24
24
24
24
27
27
27
27
27
27
27
28
28
28
30
29
31
31
31
31
31
32
32
32
32
34
35
35
35
35
35
35
35
35
36
36
36
36
36
39
39
39
39
39
39
39
39
40
40
40
40
40
42
43
43
43
43
43
43
44
44
44
44
44
44
47
47
47
47
47
47
47
47
47
48
48
48
48
49
51
51
49
51
51
52
51
51
51
52
52
52
52
52
54
54
53
55
55
55
55
55
55
55
55
56
55
56
56
56
56
57
56
59
56
59
59
59
59
60
59
59
60
60
60
60
60
63
60
60
63
60
63
63
63
63
63
63
63
63
63
64
64
64
64
64
64
64
64
67
67
67
67
67
67
67
67
67
67
68
67
68
68
68
68
69
68
68
68
71
68
71
70
71
71
71
71
71
71
72
72
72
72
72
72
72
73
72
75
74
75
74
73
75
75
75
75
75
75
75
75
76
76
76
76
76
76
76
76
76
78
78
76
76
77
78
76
79
79
79
79
79
79
79
79
79
79
79
80
80
80
79
80
80
80
80
80
82
80
80
81
80
83
83
83
83
83
83
83
83
83
83
83
84
84
84
84
84
84
84
84
84
84
84
87
87
84
86
86
84
87
85
87
87
87
87
87
87
87
87
87
87
87
88
87
87
88
88
88
88
87
88
88
88
88
88
88
88
88
90
88
91
88
89
91
89
91
91
91
92
91
91
91
91
91
91
91
91
92
92
91
92
92
92
92
92
92
92
92
92
92
92
92
92
93
92
92
95
95
92
93
93
93
95
95
95
95
95
95
95
95
95
95
95
96
95
95
95
95
95
96
96
96
96
96
96
96
96
96
96
96
96
96
96
96
96
96
96
96
98
96
96
97
99
96
99
99
99
99
99
99
100
99
99
99
99
99
99
99
99
99
99
99
99
99
100
99
100
100
100
100
100
100
100
100
100
100
100
100
100
100
100
102
100
100
100
102
103
102
102
102
103
103
103
103
103
103
103
103
103
103
103
103
103
103
103
103
103
103
103
103
103
103
103
103
103
104
103
104
103
104
104
104
104
104
104
104
104
104
103
104
104
104
104
104
104
104
104
104
104
105
106
105
107
104
106
104
104
104
105
106
107
107
105
107
107
107
106
107
104
107
107
107
107
107
107
107
107
107
107
107
107
107
107
107
107
107
108
107
107
107
108
107
108
107
108
107
108
107
108
108
107
107
108
108
108
108
108
108
108
108
108
108
108
108
108
108
108
108
108
108
108
110
108
109
108
109
108
108
108
108
110
109
109
108
108
110
108
111
111
108
111
111
111
111
109
111
111
111
111
109
111
111
111
111
111
111
111
111
111
111
111
111
111
111
111
111
111
111
111
111
111
111
111
111
111
112
112
112
112
111
111
112
112
111
112
112
111
112
112
112
112
112
112
111
112
111
112
112
112
112
112
112
112
112
112
112
112
112
111
112
112
112
112
112
112
112
112
112
112
112
112
112
112
112
112
112
112
112
112
115
112
112
112
112
112
113
114
112
112
113
112
115
113
112
113
114
115
112
113
115
112
115
115
115
115
115
112
115
112
115
113
115
115
115
113
115
113
113
115
115
115
115
115
115
115
115
115
115
115
115
115
115
115
115
115
115
115
115
115
115
115
115
115
115
115
115
115
115
115
115
115
115
115
115
115
116
116
115
116
115
115
115
115
116
115
115
115
116
115
115
115
115
115
115
116
116
116
115
115
116
116
116
115
115
115
116
115
116
116
116
116
115
116
116
115
116
116
116
116
116
116
116
116
116
116
116
116
116
116
116
116
116
116
116
116
116
116
116
116
116
116
116
116
116
116
116
116
116
116
116
116
116
116
116
116
116
116
117
116
116
116
119
116
116
116
116
116
116
117
116
116
116
116
117
116
117
118
117
116
116
116
116
116
117
117
116
116
119
119
116
119
119
118
116
116
116
116
116
116
116
117
116
116
117
119
119
119
119
119
116
116
119
117
116
116
116
118
119
116
119
116
119
119
119
119
119
119
119
119
119
119
118
117
119
119
119
119
119
119
119
119
119
119
119
119
117
119
119
119
119
119
119
119
119
119
119
119
119
119
119
119
119
119
119
119
119
118
119
119
119
119
119
119
119
119
119
119
119
119
119
119
119
119
119
119
119
119
119
119
119
119
119
119
119
119
119
119
120
119
119
119
119
116
116
116
116
116
116
116
116
115
113
115
114
114
115
112
112
112
112
111
111
112
111
111
111
111
111
111
108
110
108
107
108
108
107
108
107
107
107
107
107
104
104
107
105
104
104
104
103
104
104
103
103
103
103
102
103
102
100
100
100
100
100
100
99
99
99
99
99
99
99
99
99
96
96
96
96
96
96
96
96
95
95
96
95
95
95
95
95
94
92
93
92
92
92
92
92
92
91
92
92
91
91
91
91
91
91
91
88
88
88
89
88
88
88
88
88
88
88
87
88
88
87
87
87
87
87
87
87
86
85
84
84
84
84
84
84
83
83
84
83
83
83
83
83
83
83
83
83
83
83
83
82
82
80
80
80
80
80
80
80
80
80
80
79
79
79
79
79
79
79
79
79
79
79
79
76
76
78
76
76
76
76
76
76
76
75
76
75
76
76
75
76
75
75
75
75
75
75
73
75
74
75
74
72
72
72
72
72
72
72
72
72
72
72
71
72
71
72
71
71
72
71
71
68
71
71
69
71
69
71
69
71
69
68
68
68
68
68
68
68
68
68
68
68
68
67
68
68
67
67
68
67
67
67
67
67
67
67
67
67
67
67
66
66
64
64
64
64
64
64
64
64
64
64
64
64
64
64
64
64
64
64
64
63
63
63
63
64
63
63
63
63
63
63
63
63
63
63
63
61
63
60
60
63
62
63
60
60
60
60
60
60
60
60
63
60
60
60
59
59
60
60
60
60
60
59
60
59
60
59
59
59
59
59
59
59
59
59
59
59
59
59
58
59
59
57
58
58
56
57
56
57
58
56
56
56
56
56
56
56
56
56
56
56
56
56
55
56
56
56
56
56
55
56
55
55
55
55
55
56
55
55
55
55
55
55
55
55
55
55
55
55
55
55
55
55
55
52
53
53
54
54
52
55
54
54
52
55
52
52
52
52
54
52
52
52
52
52
52
52
52
52
52
52
52
52
52
51
52
51
52
51
51
52
51
51
51
51
51
51
51
51
51
51
51
51
51
51
51
51
51
51
51
51
51
51
51
51
51
51
51
51
51
51
51
49
48
49
49
48
50
49
48
48
48
48
50
50
48
48
48
48
48
48
48
51
48
48
48
48
48
48
48
48
47
48
48
48
48
48
47
48
48
47
47
47
47
47
48
47
47
47
47
47
47
48
47
47
48
47
47
47
47
47
47
47
47
47
47
47
47
47
47
47
47
47
47
47
47
45
47
47
47
47
46
44
45
45
47
46
46
46
47
44
47
45
46
47
47
45
45
44
47
44
44
44
44
44
44
44
45
44
45
44
46
44
44
44
44
44
44
44
44
44
44
44
44
44
44
44
44
44
44
44
43
44
44
44
43
44
44
44
44
43
43
44
44
43
43
43
43
43
43
43
43
43
44
43
43
43
43
43
43
43
43
44
43
43
43
43
43
44
43
43
43
43
43
43
43
43
43
43
43
43
43
43
43
43
44
43
43
43
43
43
43
43
43
43
43
43
43
43
43
43
43
43
43
43
43
43
41
43
42
43
41
41
40
40
42
43
43
43
40
40
41
40
41
43
43
41
43
40
43
42
40
41
41
40
40
42
40
40
40
40
40
40
40
40
40
40
40
40
40
40
40
42
40
41
40
40
40
40
40
40
40
40
40
41
43
40
40
40
40
40
40
40
40
40
40
40
40
40
40
40
40
39
40
40
40
39
40
40
40
40
40
40
40
40
40
40
39
39
40
39
39
40
39
40
40
39
39
39
39
39
40
40
40
39
40
39
40
40
40
39
39
39
39
39
39
39
40
39
39
39
39
39
40
39
40
39
40
39
40
40
40
39
39
40
39
39
39
39
39
39
40
39
40
39
39
39
39
40
39
39
39
39
39
39
39
39
39
39
39
40
39
40
39
39
39
39
39
39
39
39
39
39
39
39
39
39
39
39
39
39
39
39
39
39
39
39
39
39
39
39
39
39
39
39
39
39
39
39
39
39
39
39
39
39
39
39
39
39
39
38
39
39
37
39
39
36
